octave:1> a=testptrilu(8)
a =

   4  -1   0   0   0   0   0  -1
  -1   4  -1   0   0   0   0   0
   0  -1   4  -1   0   0   0   0
   0   0  -1   4  -1   0   0   0
   0   0   0  -1   4  -1   0   0
   0   0   0   0  -1   4  -1   0
   0   0   0   0   0  -1   4  -1
  -1   0   0   0   0   0  -1   4

octave:2> [l u p]=lu(a);
octave:3> l
l =

   1.00000   0.00000   0.00000   0.00000   0.00000   0.00000   0.00000   0.00000
  -0.25000   1.00000   0.00000   0.00000   0.00000   0.00000   0.00000   0.00000
   0.00000  -0.26667   1.00000   0.00000   0.00000   0.00000   0.00000   0.00000
   0.00000   0.00000  -0.26786   1.00000   0.00000   0.00000   0.00000   0.00000
   0.00000   0.00000   0.00000  -0.26794   1.00000   0.00000   0.00000   0.00000
   0.00000   0.00000   0.00000   0.00000  -0.26795   1.00000   0.00000   0.00000
   0.00000   0.00000   0.00000   0.00000   0.00000  -0.26795   1.00000   0.00000
  -0.25000  -0.06667  -0.01786  -0.00478  -0.00128  -0.00034  -0.26804   1.00000

octave:4> u
u =

   4.00000  -1.00000   0.00000   0.00000   0.00000   0.00000   0.00000  -1.00000
   0.00000   3.75000  -1.00000   0.00000   0.00000   0.00000   0.00000  -0.25000
   0.00000   0.00000   3.73333  -1.00000   0.00000   0.00000   0.00000  -0.06667
   0.00000   0.00000   0.00000   3.73214  -1.00000   0.00000   0.00000  -0.01786
   0.00000   0.00000   0.00000   0.00000   3.73206  -1.00000   0.00000  -0.00478
   0.00000   0.00000   0.00000   0.00000   0.00000   3.73205  -1.00000  -0.00128
   0.00000   0.00000   0.00000   0.00000   0.00000   0.00000   3.73205  -1.00034
   0.00000   0.00000   0.00000   0.00000   0.00000   0.00000   0.00000   3.46392

octave:5> norm(l*u-a)
ans =  1.1102e-16
octave:6> 
